# [1] = size (cells)	 [n+1] = PDF[n]
   11.107014	    0.073615	    0.145205	    0.199567	    0.290606	    0.347133
   13.566137	    0.043334	    0.069822	    0.099769	    0.128584	    0.150920
   16.569717	    0.076325	    0.106119	    0.148534	    0.179746	    0.188182
   20.238299	    0.061991	    0.083209	    0.102935	    0.112837	    0.109865
   24.719114	    0.056927	    0.078517	    0.088688	    0.092825	    0.080879
   30.191994	    0.073839	    0.072573	    0.079920	    0.070478	    0.054190
   36.876584	    0.049469	    0.068831	    0.068633	    0.046419	    0.034376
   45.041162	    0.050647	    0.063215	    0.061898	    0.032003	    0.017653
   55.013399	    0.045597	    0.053591	    0.050153	    0.019830	    0.009772
   67.193518	    0.035680	    0.047113	    0.037886	    0.012708	    0.003978
   82.070348	    0.041193	    0.046877	    0.030794	    0.006991	    0.002477
  100.240949	    0.056728	    0.043707	    0.018228	    0.004211	    0.000576
  122.434572	    0.037863	    0.031171	    0.007368	    0.002272	    0.000000
  149.541924	    0.067456	    0.027228	    0.002894	    0.000489	    0.000000
  182.650918	    0.037473	    0.022371	    0.001116	    0.000000	    0.000000
  223.090336	    0.069837	    0.018937	    0.001136	    0.000000	    0.000000
  272.483151	    0.065346	    0.012850	    0.000479	    0.000000	    0.000000
  332.811672	    0.037340	    0.004491	    0.000000	    0.000000	    0.000000
  406.497095	    0.019339	    0.004174	    0.000000	    0.000000	    0.000000
